0 0 (table 0)

7 0 (table 1)
 131073
 0
 131073
 16
 131073
 1
 17

17 0 (table 2)
 131073
 0
 262145
 131073
 16
 1
 131073
 17
 262145
 131073
 32
 33
 131073
 18
 131073
 2
 34

17 0 (table 3)
 262145
 131073
 0
 1
 131073
 17
 131073
 16
 262145
 131073
 32
 33
 131073
 18
 131073
 2
 34

0 0 (table 4)

31 0 (table 5)
 131073
 0
 262145
 131073
 16
 1
 131073
 17
 524289
 262145
 131073
 32
 2
 131073
 33
 18
 524289
 262145
 131073
 34
 48
 131073
 3
 19
 131073
 49
 131073
 50
 131073
 35
 51

31 0 (table 6)
 393217
 262145
 131073
 0
 16
 17
 393217
 131073
 1
 131073
 32
 33
 393217
 131073
 18
 131073
 2
 34
 262145
 131073
 49
 19
 262145
 131073
 48
 50
 131073
 35
 131073
 3
 51

71 0 (table 7)
 131073
 0
 262145
 131073
 16
 1
 524289
 131073
 17
 262145
 131073
 32
 2
 33
 1179649
 393217
 131073
 18
 131073
 34
 48
 262145
 131073
 49
 19
 262145
 131073
 3
 50
 131073
 35
 4
 655361
 262145
 131073
 64
 65
 131073
 20
 131073
 66
 36
 786433
 393217
 262145
 131073
 51
 67
 80
 262145
 131073
 52
 5
 81
 393217
 131073
 21
 131073
 82
 37
 262145
 131073
 68
 53
 262145
 131073
 83
 84
 131073
 69
 85

71 0 (table 8)
 393217
 131073
 0
 131073
 16
 1
 131073
 17
 262145
 131073
 33
 18
 917505
 262145
 131073
 32
 2
 131073
 34
 262145
 131073
 48
 3
 131073
 49
 19
 917505
 524289
 262145
 131073
 50
 35
 131073
 64
 4
 131073
 65
 131073
 20
 66
 786433
 393217
 131073
 36
 131073
 51
 80
 262145
 131073
 67
 52
 81
 393217
 131073
 21
 131073
 5
 82
 393217
 131073
 37
 131073
 68
 53
 131073
 83
 131073
 69
 131073
 84
 85

71 0 (table 9)
 524289
 262145
 131073
 0
 16
 131073
 1
 17
 655361
 262145
 131073
 32
 33
 131073
 18
 131073
 2
 34
 786433
 393217
 262145
 131073
 48
 3
 49
 131073
 19
 131073
 50
 35
 786433
 262145
 131073
 65
 20
 262145
 131073
 64
 51
 131073
 66
 36
 655361
 393217
 262145
 131073
 4
 80
 67
 131073
 52
 81
 524289
 262145
 131073
 21
 82
 131073
 37
 68
 393217
 262145
 131073
 5
 84
 83
 131073
 53
 131073
 69
 85

127 0 (table 10)
 131073
 0
 262145
 131073
 16
 1
 655361
 131073
 17
 262145
 131073
 32
 2
 131073
 33
 18
 1835009
 524289
 262145
 131073
 34
 48
 131073
 49
 19
 524289
 262145
 131073
 3
 50
 131073
 35
 64
 262145
 131073
 65
 20
 262145
 131073
 4
 51
 131073
 66
 36
 1835009
 655361
 393217
 262145
 131073
 80
 5
 96
 131073
 97
 22
 786433
 393217
 262145
 131073
 67
 52
 81
 131073
 21
 131073
 82
 37
 262145
 131073
 38
 54
 113
 1310721
 524289
 131073
 23
 262145
 131073
 68
 83
 6
 393217
 262145
 131073
 53
 69
 98
 131073
 112
 131073
 7
 100
 917505
 262145
 131073
 114
 39
 393217
 131073
 99
 131073
 84
 85
 131073
 70
 115
 524289
 262145
 131073
 55
 101
 131073
 86
 116
 393217
 131073
 71
 131073
 102
 117
 262145
 131073
 87
 118
 131073
 103
 119

127 0 (table 11)
 393217
 131073
 0
 131073
 16
 1
 524289
 131073
 17
 262145
 131073
 32
 2
 18
 1572865
 524289
 131073
 33
 131073
 34
 131073
 48
 3
 262145
 131073
 49
 19
 262145
 131073
 50
 35
 262145
 131073
 64
 4
 131073
 65
 20
 1966081
 1048577
 655361
 262145
 131073
 66
 36
 262145
 131073
 51
 67
 80
 262145
 131073
 52
 81
 97
 393217
 131073
 22
 131073
 6
 38
 131073
 98
 131073
 21
 131073
 5
 82
 1048577
 655361
 393217
 262145
 131073
 37
 68
 96
 131073
 99
 54
 262145
 131073
 112
 23
 113
 1048577
 393217
 262145
 131073
 7
 100
 114
 131073
 39
 262145
 131073
 83
 53
 131073
 84
 69
 655361
 262145
 131073
 70
 115
 131073
 55
 131073
 101
 86
 655361
 393217
 262145
 131073
 85
 87
 116
 131073
 71
 102
 262145
 131073
 117
 118
 131073
 103
 119

127 0 (table 12)
 786433
 262145
 131073
 16
 1
 131073
 17
 131073
 0
 131073
 32
 2
 1048577
 262145
 131073
 33
 18
 262145
 131073
 34
 49
 131073
 19
 131073
 48
 131073
 3
 64
 1703937
 524289
 262145
 131073
 50
 35
 131073
 65
 51
 655361
 262145
 131073
 20
 66
 131073
 36
 131073
 4
 80
 262145
 131073
 67
 52
 131073
 81
 21
 1835009
 917505
 524289
 262145
 131073
 82
 37
 131073
 83
 53
 262145
 131073
 96
 22
 97
 262145
 131073
 98
 38
 393217
 262145
 131073
 5
 6
 68
 131073
 84
 69
 1179649
 655361
 262145
 131073
 99
 54
 262145
 131073
 112
 7
 113
 262145
 131073
 23
 100
 131073
 70
 114
 655361
 393217
 131073
 39
 131073
 85
 115
 131073
 55
 86
 524289
 262145
 131073
 101
 116
 131073
 71
 102
 262145
 131073
 117
 87
 131073
 118
 131073
 103
 119

511 0 (table 13)
 131073
 0
 393217
 131073
 16
 131073
 1
 17
 1835009
 524289
 262145
 131073
 32
 2
 131073
 33
 18
 524289
 262145
 131073
 34
 48
 131073
 3
 49
 393217
 131073
 19
 131073
 50
 35
 262145
 131073
 64
 4
 65
 4587521
 1835009
 917505
 393217
 131073
 20
 131073
 51
 66
 262145
 131073
 36
 80
 131073
 67
 52
 262145
 131073
 81
 21
 262145
 131073
 5
 82
 131073
 37
 131073
 68
 83
 917505
 524289
 262145
 131073
 96
 6
 131073
 97
 22
 262145
 131073
 128
 8
 129
 1048577
 524289
 262145
 131073
 53
 98
 131073
 38
 84
 262145
 131073
 69
 99
 131073
 54
 112
 393217
 262145
 131073
 7
 85
 113
 131073
 23
 131073
 39
 55
 4718593
 1572865
 786433
 262145
 131073
 24
 130
 131073
 40
 262145
 131073
 100
 70
 114
 524289
 262145
 131073
 132
 72
 131073
 144
 9
 131073
 145
 25
 1572865
 917505
 524289
 262145
 131073
 115
 101
 131073
 86
 116
 262145
 131073
 71
 102
 131
 393217
 131073
 56
 131073
 117
 87
 131073
 146
 41
 917505
 524289
 262145
 131073
 103
 133
 131073
 88
 57
 131073
 147
 131073
 73
 134
 393217
 131073
 160
 131073
 104
 10
 131073
 161
 26
 4456449
 1572865
 786433
 262145
 131073
 162
 42
 262145
 131073
 149
 89
 131073
 163
 58
 524289
 262145
 131073
 74
 150
 131073
 176
 11
 131073
 177
 27
 1310721
 524289
 131073
 178
 262145
 131073
 118
 119
 148
 393217
 262145
 131073
 135
 120
 164
 262145
 131073
 105
 165
 43
 786433
 393217
 262145
 131073
 90
 136
 179
 131073
 59
 131073
 121
 166
 393217
 262145
 131073
 106
 180
 192
 262145
 131073
 12
 152
 193
 3932161
 1441793
 655361
 393217
 131073
 28
 131073
 137
 181
 131073
 91
 194
 262145
 131073
 44
 60
 262145
 131073
 182
 107
 131073
 196
 76
 1048577
 524289
 262145
 131073
 168
 138
 131073
 208
 13
 131073
 209
 131073
 75
 131073
 151
 167
 786433
 393217
 131073
 195
 131073
 122
 153
 262145
 131073
 197
 92
 183
 262145
 131073
 29
 210
 131073
 45
 131073
 123
 211
 3407873
 1835009
 786433
 262145
 131073
 61
 198
 262145
 131073
 108
 169
 131073
 154
 212
 524289
 262145
 131073
 184
 139
 131073
 77
 199
 262145
 131073
 124
 213
 131073
 93
 224
 655361
 262145
 131073
 225
 30
 262145
 131073
 14
 46
 226
 524289
 262145
 131073
 227
 109
 131073
 140
 228
 262145
 131073
 229
 186
 240
 2490369
 1048577
 262145
 131073
 241
 31
 393217
 262145
 131073
 170
 155
 185
 131073
 62
 131073
 214
 200
 786433
 393217
 131073
 78
 131073
 215
 125
 131073
 171
 131073
 94
 201
 393217
 131073
 15
 131073
 156
 110
 131073
 242
 47
 2097153
 1048577
 393217
 262145
 131073
 216
 141
 63
 393217
 131073
 243
 131073
 230
 202
 131073
 244
 79
 524289
 262145
 131073
 187
 172
 131073
 231
 245
 262145
 131073
 217
 157
 131073
 95
 232
 1966081
 786433
 393217
 131073
 111
 131073
 246
 203
 262145
 131073
 188
 173
 218
 524289
 131073
 247
 262145
 131073
 126
 127
 142
 393217
 262145
 131073
 158
 174
 204
 131073
 248
 143
 1179649
 524289
 262145
 131073
 219
 189
 131073
 234
 249
 262145
 131073
 159
 235
 131073
 190
 131073
 205
 250
 917505
 262145
 131073
 221
 236
 393217
 262145
 131073
 233
 175
 220
 131073
 206
 251
 524289
 262145
 131073
 191
 222
 131073
 207
 238
 262145
 131073
 223
 239
 131073
 255
 131073
 237
 131073
 253
 131073
 252
 254

0 0 (table 14)

511 0 (table 15)
 1048577
 393217
 131073
 0
 131073
 16
 1
 131073
 17
 262145
 131073
 32
 2
 131073
 33
 18
 3276801
 1048577
 393217
 131073
 34
 131073
 48
 49
 393217
 131073
 19
 131073
 3
 64
 131073
 50
 35
 917505
 393217
 262145
 131073
 4
 20
 65
 262145
 131073
 51
 66
 131073
 36
 67
 655361
 393217
 131073
 52
 131073
 80
 5
 131073
 81
 21
 262145
 131073
 82
 37
 262145
 131073
 68
 83
 97
 5898241
 2359297
 1179649
 655361
 393217
 131073
 53
 131073
 96
 6
 131073
 22
 98
 262145
 131073
 38
 84
 131073
 69
 99
 655361
 393217
 131073
 54
 131073
 112
 7
 131073
 113
 85
 262145
 131073
 23
 100
 131073
 114
 39
 1572865
 1048577
 524289
 262145
 131073
 70
 115
 131073
 55
 101
 262145
 131073
 86
 128
 131073
 8
 116
 262145
 131073
 129
 24
 131073
 130
 40
 1048577
 524289
 262145
 131073
 71
 102
 131073
 131
 56
 262145
 131073
 117
 87
 131073
 132
 72
 393217
 262145
 131073
 144
 25
 145
 262145
 131073
 146
 118
 131073
 103
 41
 6029313
 2359297
 1179649
 655361
 262145
 131073
 133
 88
 262145
 131073
 9
 119
 147
 262145
 131073
 57
 148
 131073
 73
 134
 655361
 393217
 131073
 104
 131073
 160
 10
 131073
 161
 26
 262145
 131073
 162
 42
 131073
 149
 89
 1703937
 917505
 393217
 131073
 163
 131073
 58
 135
 262145
 131073
 120
 164
 131073
 74
 150
 393217
 262145
 131073
 105
 176
 177
 262145
 131073
 27
 165
 178
 917505
 524289
 262145
 131073
 90
 43
 131073
 136
 151
 131073
 179
 131073
 121
 59
 524289
 262145
 131073
 106
 180
 131073
 75
 193
 262145
 131073
 152
 137
 131073
 28
 181
 5242881
 2228225
 1048577
 393217
 262145
 131073
 91
 44
 194
 393217
 262145
 131073
 11
 192
 166
 131073
 167
 122
 655361
 262145
 131073
 195
 60
 262145
 131073
 12
 153
 182
 262145
 131073
 107
 196
 131073
 76
 168
 1310721
 655361
 262145
 131073
 138
 197
 262145
 131073
 208
 92
 209
 262145
 131073
 183
 123
 131073
 29
 131073
 13
 45
 786433
 262145
 131073
 210
 211
 262145
 131073
 61
 198
 131073
 108
 169
 393217
 262145
 131073
 154
 184
 212
 262145
 131073
 139
 77
 131073
 199
 124
 4456449
 2228225
 1179649
 655361
 262145
 131073
 213
 93
 262145
 131073
 224
 14
 225
 262145
 131073
 30
 226
 131073
 170
 46
 524289
 262145
 131073
 185
 155
 131073
 227
 214
 262145
 131073
 109
 62
 131073
 200
 140
 1048577
 524289
 262145
 131073
 228
 78
 131073
 215
 125
 262145
 131073
 229
 186
 131073
 171
 94
 524289
 262145
 131073
 201
 156
 131073
 241
 31
 393217
 262145
 131073
 240
 110
 242
 131073
 47
 230
 2490369
 1179649
 524289
 262145
 131073
 216
 243
 131073
 63
 244
 393217
 131073
 79
 131073
 141
 217
 131073
 187
 202
 524289
 262145
 131073
 172
 231
 131073
 126
 245
 524289
 262145
 131073
 157
 95
 131073
 232
 142
 131073
 246
 203
 2228225
 1179649
 655361
 393217
 262145
 131073
 15
 174
 111
 131073
 188
 218
 262145
 131073
 173
 247
 131073
 127
 233
 524289
 262145
 131073
 158
 204
 131073
 248
 143
 262145
 131073
 219
 189
 131073
 234
 249
 1048577
 524289
 262145
 131073
 159
 220
 131073
 205
 235
 262145
 131073
 190
 250
 131073
 175
 221
 917505
 393217
 262145
 131073
 236
 206
 251
 262145
 131073
 191
 237
 131073
 222
 252
 393217
 262145
 131073
 207
 253
 238
 262145
 131073
 223
 254
 131073
 239
 255

511 1 (table 16)
 131073
 0
 393217
 131073
 16
 131073
 1
 17
 2752513
 524289
 262145
 131073
 32
 2
 131073
 33
 18
 655361
 393217
 131073
 34
 131073
 48
 3
 131073
 49
 19
 655361
 262145
 131073
 50
 35
 262145
 131073
 64
 4
 65
 393217
 131073
 20
 131073
 51
 66
 262145
 131073
 36
 80
 131073
 67
 52
 9043969
 2621441
 1048577
 393217
 262145
 131073
 5
 21
 81
 262145
 131073
 82
 37
 262145
 131073
 68
 53
 83
 655361
 393217
 262145
 131073
 96
 6
 97
 131073
 22
 98
 524289
 262145
 131073
 38
 84
 131073
 69
 99
 262145
 131073
 54
 112
 113
 2621441
 1179649
 524289
 131073
 23
 131073
 7
 131073
 85
 100
 262145
 131073
 114
 39
 262145
 131073
 70
 101
 115
 655361
 393217
 131073
 55
 131073
 86
 8
 131073
 128
 129
 393217
 131073
 24
 131073
 116
 71
 131073
 130
 131073
 40
 102
 1572865
 917505
 524289
 262145
 131073
 131
 56
 131073
 117
 132
 262145
 131073
 72
 144
 145
 393217
 131073
 25
 131073
 9
 118
 131073
 146
 41
 917505
 524289
 262145
 131073
 133
 88
 131073
 147
 57
 262145
 131073
 160
 10
 26
 524289
 131073
 162
 131073
 103
 131073
 87
 73
 393217
 131073
 148
 131073
 119
 134
 131073
 161
 131073
 104
 149
 14417921
 8257537
 3276801
 1703937
 786433
 393217
 131073
 42
 131073
 89
 58
 131073
 163
 131073
 135
 120
 524289
 262145
 131073
 164
 74
 131073
 150
 105
 262145
 131073
 176
 11
 177
 655361
 262145
 131073
 27
 178
 131073
 43
 131073
 165
 90
 393217
 131073
 179
 131073
 166
 106
 262145
 131073
 180
 75
 131073
 12
 193
 1966081
 917505
 393217
 262145
 131073
 181
 194
 44
 262145
 131073
 167
 195
 131073
 107
 196
 524289
 131073
 29
 262145
 131073
 136
 151
 59
 262145
 131073
 209
 210
 131073
 45
 211
 1179649
 393217
 262145
 131073
 30
 46
 226
 393217
 262145
 131073
 121
 152
 192
 131073
 28
 131073
 137
 91
 917505
 393217
 131073
 60
 131073
 122
 182
 262145
 131073
 76
 153
 131073
 168
 138
 393217
 131073
 13
 131073
 197
 92
 262145
 131073
 61
 198
 131073
 108
 154
 5767169
 5636097
 2359297
 1048577
 524289
 262145
 131073
 139
 77
 131073
 199
 124
 262145
 131073
 213
 93
 131073
 224
 14
 524289
 131073
 227
 262145
 131073
 208
 183
 123
 393217
 262145
 131073
 169
 184
 212
 131073
 225
 131073
 170
 185
 1572865
 655361
 393217
 262145
 131073
 155
 214
 109
 131073
 62
 200
 393217
 262145
 131073
 140
 228
 78
 262145
 131073
 215
 229
 131073
 186
 171
 786433
 262145
 131073
 156
 230
 262145
 131073
 110
 216
 131073
 141
 187
 524289
 262145
 131073
 231
 157
 131073
 232
 142
 262145
 131073
 203
 188
 158
 241
 131073
 31
 131073
 15
 47
 4325377
 3670017
 131073
 242
 3407873
 3276801
 1310721
 524289
 131073
 189
 131073
 94
 131073
 125
 201
 393217
 131073
 202
 131073
 172
 126
 262145
 131073
 218
 173
 204
 655361
 393217
 131073
 174
 131073
 219
 220
 131073
 205
 190
 393217
 262145
 131073
 235
 237
 238
 393217
 262145
 131073
 217
 234
 233
 131073
 222
 262145
 131073
 221
 236
 206
 63
 240
 262145
 131073
 243
 244
 131073
 79
 131073
 245
 95
 655361
 131073
 255
 262145
 131073
 246
 111
 131073
 247
 127
 786433
 393217
 131073
 143
 131073
 248
 249
 262145
 131073
 159
 250
 175
 524289
 262145
 131073
 251
 191
 131073
 252
 207
 262145
 131073
 253
 223
 131073
 254
 239

511 2 (table 17)
 131073
 0
 393217
 131073
 16
 131073
 1
 17
 2752513
 524289
 262145
 131073
 32
 2
 131073
 33
 18
 655361
 393217
 131073
 34
 131073
 48
 3
 131073
 49
 19
 655361
 262145
 131073
 50
 35
 262145
 131073
 64
 4
 65
 393217
 131073
 20
 131073
 51
 66
 262145
 131073
 36
 80
 131073
 67
 52
 9043969
 2621441
 1048577
 393217
 262145
 131073
 5
 21
 81
 262145
 131073
 82
 37
 262145
 131073
 68
 53
 83
 655361
 393217
 262145
 131073
 96
 6
 97
 131073
 22
 98
 524289
 262145
 131073
 38
 84
 131073
 69
 99
 262145
 131073
 54
 112
 113
 2621441
 1179649
 524289
 131073
 23
 131073
 7
 131073
 85
 100
 262145
 131073
 114
 39
 262145
 131073
 70
 101
 115
 655361
 393217
 131073
 55
 131073
 86
 8
 131073
 128
 129
 393217
 131073
 24
 131073
 116
 71
 131073
 130
 131073
 40
 102
 1572865
 917505
 524289
 262145
 131073
 131
 56
 131073
 117
 132
 262145
 131073
 72
 144
 145
 393217
 131073
 25
 131073
 9
 118
 131073
 146
 41
 917505
 524289
 262145
 131073
 133
 88
 131073
 147
 57
 262145
 131073
 160
 10
 26
 524289
 131073
 162
 131073
 103
 131073
 87
 73
 393217
 131073
 148
 131073
 119
 134
 131073
 161
 131073
 104
 149
 14417921
 8257537
 3276801
 1703937
 786433
 393217
 131073
 42
 131073
 89
 58
 131073
 163
 131073
 135
 120
 524289
 262145
 131073
 164
 74
 131073
 150
 105
 262145
 131073
 176
 11
 177
 655361
 262145
 131073
 27
 178
 131073
 43
 131073
 165
 90
 393217
 131073
 179
 131073
 166
 106
 262145
 131073
 180
 75
 131073
 12
 193
 1966081
 917505
 393217
 262145
 131073
 181
 194
 44
 262145
 131073
 167
 195
 131073
 107
 196
 524289
 131073
 29
 262145
 131073
 136
 151
 59
 262145
 131073
 209
 210
 131073
 45
 211
 1179649
 393217
 262145
 131073
 30
 46
 226
 393217
 262145
 131073
 121
 152
 192
 131073
 28
 131073
 137
 91
 917505
 393217
 131073
 60
 131073
 122
 182
 262145
 131073
 76
 153
 131073
 168
 138
 393217
 131073
 13
 131073
 197
 92
 262145
 131073
 61
 198
 131073
 108
 154
 5767169
 5636097
 2359297
 1048577
 524289
 262145
 131073
 139
 77
 131073
 199
 124
 262145
 131073
 213
 93
 131073
 224
 14
 524289
 131073
 227
 262145
 131073
 208
 183
 123
 393217
 262145
 131073
 169
 184
 212
 131073
 225
 131073
 170
 185
 1572865
 655361
 393217
 262145
 131073
 155
 214
 109
 131073
 62
 200
 393217
 262145
 131073
 140
 228
 78
 262145
 131073
 215
 229
 131073
 186
 171
 786433
 262145
 131073
 156
 230
 262145
 131073
 110
 216
 131073
 141
 187
 524289
 262145
 131073
 231
 157
 131073
 232
 142
 262145
 131073
 203
 188
 158
 241
 131073
 31
 131073
 15
 47
 4325377
 3670017
 131073
 242
 3407873
 3276801
 1310721
 524289
 131073
 189
 131073
 94
 131073
 125
 201
 393217
 131073
 202
 131073
 172
 126
 262145
 131073
 218
 173
 204
 655361
 393217
 131073
 174
 131073
 219
 220
 131073
 205
 190
 393217
 262145
 131073
 235
 237
 238
 393217
 262145
 131073
 217
 234
 233
 131073
 222
 262145
 131073
 221
 236
 206
 63
 240
 262145
 131073
 243
 244
 131073
 79
 131073
 245
 95
 655361
 131073
 255
 262145
 131073
 246
 111
 131073
 247
 127
 786433
 393217
 131073
 143
 131073
 248
 249
 262145
 131073
 159
 250
 175
 524289
 262145
 131073
 251
 191
 131073
 252
 207
 262145
 131073
 253
 223
 131073
 254
 239

511 3 (table 18)
 131073
 0
 393217
 131073
 16
 131073
 1
 17
 2752513
 524289
 262145
 131073
 32
 2
 131073
 33
 18
 655361
 393217
 131073
 34
 131073
 48
 3
 131073
 49
 19
 655361
 262145
 131073
 50
 35
 262145
 131073
 64
 4
 65
 393217
 131073
 20
 131073
 51
 66
 262145
 131073
 36
 80
 131073
 67
 52
 9043969
 2621441
 1048577
 393217
 262145
 131073
 5
 21
 81
 262145
 131073
 82
 37
 262145
 131073
 68
 53
 83
 655361
 393217
 262145
 131073
 96
 6
 97
 131073
 22
 98
 524289
 262145
 131073
 38
 84
 131073
 69
 99
 262145
 131073
 54
 112
 113
 2621441
 1179649
 524289
 131073
 23
 131073
 7
 131073
 85
 100
 262145
 131073
 114
 39
 262145
 131073
 70
 101
 115
 655361
 393217
 131073
 55
 131073
 86
 8
 131073
 128
 129
 393217
 131073
 24
 131073
 116
 71
 131073
 130
 131073
 40
 102
 1572865
 917505
 524289
 262145
 131073
 131
 56
 131073
 117
 132
 262145
 131073
 72
 144
 145
 393217
 131073
 25
 131073
 9
 118
 131073
 146
 41
 917505
 524289
 262145
 131073
 133
 88
 131073
 147
 57
 262145
 131073
 160
 10
 26
 524289
 131073
 162
 131073
 103
 131073
 87
 73
 393217
 131073
 148
 131073
 119
 134
 131073
 161
 131073
 104
 149
 14417921
 8257537
 3276801
 1703937
 786433
 393217
 131073
 42
 131073
 89
 58
 131073
 163
 131073
 135
 120
 524289
 262145
 131073
 164
 74
 131073
 150
 105
 262145
 131073
 176
 11
 177
 655361
 262145
 131073
 27
 178
 131073
 43
 131073
 165
 90
 393217
 131073
 179
 131073
 166
 106
 262145
 131073
 180
 75
 131073
 12
 193
 1966081
 917505
 393217
 262145
 131073
 181
 194
 44
 262145
 131073
 167
 195
 131073
 107
 196
 524289
 131073
 29
 262145
 131073
 136
 151
 59
 262145
 131073
 209
 210
 131073
 45
 211
 1179649
 393217
 262145
 131073
 30
 46
 226
 393217
 262145
 131073
 121
 152
 192
 131073
 28
 131073
 137
 91
 917505
 393217
 131073
 60
 131073
 122
 182
 262145
 131073
 76
 153
 131073
 168
 138
 393217
 131073
 13
 131073
 197
 92
 262145
 131073
 61
 198
 131073
 108
 154
 5767169
 5636097
 2359297
 1048577
 524289
 262145
 131073
 139
 77
 131073
 199
 124
 262145
 131073
 213
 93
 131073
 224
 14
 524289
 131073
 227
 262145
 131073
 208
 183
 123
 393217
 262145
 131073
 169
 184
 212
 131073
 225
 131073
 170
 185
 1572865
 655361
 393217
 262145
 131073
 155
 214
 109
 131073
 62
 200
 393217
 262145
 131073
 140
 228
 78
 262145
 131073
 215
 229
 131073
 186
 171
 786433
 262145
 131073
 156
 230
 262145
 131073
 110
 216
 131073
 141
 187
 524289
 262145
 131073
 231
 157
 131073
 232
 142
 262145
 131073
 203
 188
 158
 241
 131073
 31
 131073
 15
 47
 4325377
 3670017
 131073
 242
 3407873
 3276801
 1310721
 524289
 131073
 189
 131073
 94
 131073
 125
 201
 393217
 131073
 202
 131073
 172
 126
 262145
 131073
 218
 173
 204
 655361
 393217
 131073
 174
 131073
 219
 220
 131073
 205
 190
 393217
 262145
 131073
 235
 237
 238
 393217
 262145
 131073
 217
 234
 233
 131073
 222
 262145
 131073
 221
 236
 206
 63
 240
 262145
 131073
 243
 244
 131073
 79
 131073
 245
 95
 655361
 131073
 255
 262145
 131073
 246
 111
 131073
 247
 127
 786433
 393217
 131073
 143
 131073
 248
 249
 262145
 131073
 159
 250
 175
 524289
 262145
 131073
 251
 191
 131073
 252
 207
 262145
 131073
 253
 223
 131073
 254
 239

511 4 (table 19)
 131073
 0
 393217
 131073
 16
 131073
 1
 17
 2752513
 524289
 262145
 131073
 32
 2
 131073
 33
 18
 655361
 393217
 131073
 34
 131073
 48
 3
 131073
 49
 19
 655361
 262145
 131073
 50
 35
 262145
 131073
 64
 4
 65
 393217
 131073
 20
 131073
 51
 66
 262145
 131073
 36
 80
 131073
 67
 52
 9043969
 2621441
 1048577
 393217
 262145
 131073
 5
 21
 81
 262145
 131073
 82
 37
 262145
 131073
 68
 53
 83
 655361
 393217
 262145
 131073
 96
 6
 97
 131073
 22
 98
 524289
 262145
 131073
 38
 84
 131073
 69
 99
 262145
 131073
 54
 112
 113
 2621441
 1179649
 524289
 131073
 23
 131073
 7
 131073
 85
 100
 262145
 131073
 114
 39
 262145
 131073
 70
 101
 115
 655361
 393217
 131073
 55
 131073
 86
 8
 131073
 128
 129
 393217
 131073
 24
 131073
 116
 71
 131073
 130
 131073
 40
 102
 1572865
 917505
 524289
 262145
 131073
 131
 56
 131073
 117
 132
 262145
 131073
 72
 144
 145
 393217
 131073
 25
 131073
 9
 118
 131073
 146
 41
 917505
 524289
 262145
 131073
 133
 88
 131073
 147
 57
 262145
 131073
 160
 10
 26
 524289
 131073
 162
 131073
 103
 131073
 87
 73
 393217
 131073
 148
 131073
 119
 134
 131073
 161
 131073
 104
 149
 14417921
 8257537
 3276801
 1703937
 786433
 393217
 131073
 42
 131073
 89
 58
 131073
 163
 131073
 135
 120
 524289
 262145
 131073
 164
 74
 131073
 150
 105
 262145
 131073
 176
 11
 177
 655361
 262145
 131073
 27
 178
 131073
 43
 131073
 165
 90
 393217
 131073
 179
 131073
 166
 106
 262145
 131073
 180
 75
 131073
 12
 193
 1966081
 917505
 393217
 262145
 131073
 181
 194
 44
 262145
 131073
 167
 195
 131073
 107
 196
 524289
 131073
 29
 262145
 131073
 136
 151
 59
 262145
 131073
 209
 210
 131073
 45
 211
 1179649
 393217
 262145
 131073
 30
 46
 226
 393217
 262145
 131073
 121
 152
 192
 131073
 28
 131073
 137
 91
 917505
 393217
 131073
 60
 131073
 122
 182
 262145
 131073
 76
 153
 131073
 168
 138
 393217
 131073
 13
 131073
 197
 92
 262145
 131073
 61
 198
 131073
 108
 154
 5767169
 5636097
 2359297
 1048577
 524289
 262145
 131073
 139
 77
 131073
 199
 124
 262145
 131073
 213
 93
 131073
 224
 14
 524289
 131073
 227
 262145
 131073
 208
 183
 123
 393217
 262145
 131073
 169
 184
 212
 131073
 225
 131073
 170
 185
 1572865
 655361
 393217
 262145
 131073
 155
 214
 109
 131073
 62
 200
 393217
 262145
 131073
 140
 228
 78
 262145
 131073
 215
 229
 131073
 186
 171
 786433
 262145
 131073
 156
 230
 262145
 131073
 110
 216
 131073
 141
 187
 524289
 262145
 131073
 231
 157
 131073
 232
 142
 262145
 131073
 203
 188
 158
 241
 131073
 31
 131073
 15
 47
 4325377
 3670017
 131073
 242
 3407873
 3276801
 1310721
 524289
 131073
 189
 131073
 94
 131073
 125
 201
 393217
 131073
 202
 131073
 172
 126
 262145
 131073
 218
 173
 204
 655361
 393217
 131073
 174
 131073
 219
 220
 131073
 205
 190
 393217
 262145
 131073
 235
 237
 238
 393217
 262145
 131073
 217
 234
 233
 131073
 222
 262145
 131073
 221
 236
 206
 63
 240
 262145
 131073
 243
 244
 131073
 79
 131073
 245
 95
 655361
 131073
 255
 262145
 131073
 246
 111
 131073
 247
 127
 786433
 393217
 131073
 143
 131073
 248
 249
 262145
 131073
 159
 250
 175
 524289
 262145
 131073
 251
 191
 131073
 252
 207
 262145
 131073
 253
 223
 131073
 254
 239

511 6 (table 20)
 131073
 0
 393217
 131073
 16
 131073
 1
 17
 2752513
 524289
 262145
 131073
 32
 2
 131073
 33
 18
 655361
 393217
 131073
 34
 131073
 48
 3
 131073
 49
 19
 655361
 262145
 131073
 50
 35
 262145
 131073
 64
 4
 65
 393217
 131073
 20
 131073
 51
 66
 262145
 131073
 36
 80
 131073
 67
 52
 9043969
 2621441
 1048577
 393217
 262145
 131073
 5
 21
 81
 262145
 131073
 82
 37
 262145
 131073
 68
 53
 83
 655361
 393217
 262145
 131073
 96
 6
 97
 131073
 22
 98
 524289
 262145
 131073
 38
 84
 131073
 69
 99
 262145
 131073
 54
 112
 113
 2621441
 1179649
 524289
 131073
 23
 131073
 7
 131073
 85
 100
 262145
 131073
 114
 39
 262145
 131073
 70
 101
 115
 655361
 393217
 131073
 55
 131073
 86
 8
 131073
 128
 129
 393217
 131073
 24
 131073
 116
 71
 131073
 130
 131073
 40
 102
 1572865
 917505
 524289
 262145
 131073
 131
 56
 131073
 117
 132
 262145
 131073
 72
 144
 145
 393217
 131073
 25
 131073
 9
 118
 131073
 146
 41
 917505
 524289
 262145
 131073
 133
 88
 131073
 147
 57
 262145
 131073
 160
 10
 26
 524289
 131073
 162
 131073
 103
 131073
 87
 73
 393217
 131073
 148
 131073
 119
 134
 131073
 161
 131073
 104
 149
 14417921
 8257537
 3276801
 1703937
 786433
 393217
 131073
 42
 131073
 89
 58
 131073
 163
 131073
 135
 120
 524289
 262145
 131073
 164
 74
 131073
 150
 105
 262145
 131073
 176
 11
 177
 655361
 262145
 131073
 27
 178
 131073
 43
 131073
 165
 90
 393217
 131073
 179
 131073
 166
 106
 262145
 131073
 180
 75
 131073
 12
 193
 1966081
 917505
 393217
 262145
 131073
 181
 194
 44
 262145
 131073
 167
 195
 131073
 107
 196
 524289
 131073
 29
 262145
 131073
 136
 151
 59
 262145
 131073
 209
 210
 131073
 45
 211
 1179649
 393217
 262145
 131073
 30
 46
 226
 393217
 262145
 131073
 121
 152
 192
 131073
 28
 131073
 137
 91
 917505
 393217
 131073
 60
 131073
 122
 182
 262145
 131073
 76
 153
 131073
 168
 138
 393217
 131073
 13
 131073
 197
 92
 262145
 131073
 61
 198
 131073
 108
 154
 5767169
 5636097
 2359297
 1048577
 524289
 262145
 131073
 139
 77
 131073
 199
 124
 262145
 131073
 213
 93
 131073
 224
 14
 524289
 131073
 227
 262145
 131073
 208
 183
 123
 393217
 262145
 131073
 169
 184
 212
 131073
 225
 131073
 170
 185
 1572865
 655361
 393217
 262145
 131073
 155
 214
 109
 131073
 62
 200
 393217
 262145
 131073
 140
 228
 78
 262145
 131073
 215
 229
 131073
 186
 171
 786433
 262145
 131073
 156
 230
 262145
 131073
 110
 216
 131073
 141
 187
 524289
 262145
 131073
 231
 157
 131073
 232
 142
 262145
 131073
 203
 188
 158
 241
 131073
 31
 131073
 15
 47
 4325377
 3670017
 131073
 242
 3407873
 3276801
 1310721
 524289
 131073
 189
 131073
 94
 131073
 125
 201
 393217
 131073
 202
 131073
 172
 126
 262145
 131073
 218
 173
 204
 655361
 393217
 131073
 174
 131073
 219
 220
 131073
 205
 190
 393217
 262145
 131073
 235
 237
 238
 393217
 262145
 131073
 217
 234
 233
 131073
 222
 262145
 131073
 221
 236
 206
 63
 240
 262145
 131073
 243
 244
 131073
 79
 131073
 245
 95
 655361
 131073
 255
 262145
 131073
 246
 111
 131073
 247
 127
 786433
 393217
 131073
 143
 131073
 248
 249
 262145
 131073
 159
 250
 175
 524289
 262145
 131073
 251
 191
 131073
 252
 207
 262145
 131073
 253
 223
 131073
 254
 239

511 8 (table 21)
 131073
 0
 393217
 131073
 16
 131073
 1
 17
 2752513
 524289
 262145
 131073
 32
 2
 131073
 33
 18
 655361
 393217
 131073
 34
 131073
 48
 3
 131073
 49
 19
 655361
 262145
 131073
 50
 35
 262145
 131073
 64
 4
 65
 393217
 131073
 20
 131073
 51
 66
 262145
 131073
 36
 80
 131073
 67
 52
 9043969
 2621441
 1048577
 393217
 262145
 131073
 5
 21
 81
 262145
 131073
 82
 37
 262145
 131073
 68
 53
 83
 655361
 393217
 262145
 131073
 96
 6
 97
 131073
 22
 98
 524289
 262145
 131073
 38
 84
 131073
 69
 99
 262145
 131073
 54
 112
 113
 2621441
 1179649
 524289
 131073
 23
 131073
 7
 131073
 85
 100
 262145
 131073
 114
 39
 262145
 131073
 70
 101
 115
 655361
 393217
 131073
 55
 131073
 86
 8
 131073
 128
 129
 393217
 131073
 24
 131073
 116
 71
 131073
 130
 131073
 40
 102
 1572865
 917505
 524289
 262145
 131073
 131
 56
 131073
 117
 132
 262145
 131073
 72
 144
 145
 393217
 131073
 25
 131073
 9
 118
 131073
 146
 41
 917505
 524289
 262145
 131073
 133
 88
 131073
 147
 57
 262145
 131073
 160
 10
 26
 524289
 131073
 162
 131073
 103
 131073
 87
 73
 393217
 131073
 148
 131073
 119
 134
 131073
 161
 131073
 104
 149
 14417921
 8257537
 3276801
 1703937
 786433
 393217
 131073
 42
 131073
 89
 58
 131073
 163
 131073
 135
 120
 524289
 262145
 131073
 164
 74
 131073
 150
 105
 262145
 131073
 176
 11
 177
 655361
 262145
 131073
 27
 178
 131073
 43
 131073
 165
 90
 393217
 131073
 179
 131073
 166
 106
 262145
 131073
 180
 75
 131073
 12
 193
 1966081
 917505
 393217
 262145
 131073
 181
 194
 44
 262145
 131073
 167
 195
 131073
 107
 196
 524289
 131073
 29
 262145
 131073
 136
 151
 59
 262145
 131073
 209
 210
 131073
 45
 211
 1179649
 393217
 262145
 131073
 30
 46
 226
 393217
 262145
 131073
 121
 152
 192
 131073
 28
 131073
 137
 91
 917505
 393217
 131073
 60
 131073
 122
 182
 262145
 131073
 76
 153
 131073
 168
 138
 393217
 131073
 13
 131073
 197
 92
 262145
 131073
 61
 198
 131073
 108
 154
 5767169
 5636097
 2359297
 1048577
 524289
 262145
 131073
 139
 77
 131073
 199
 124
 262145
 131073
 213
 93
 131073
 224
 14
 524289
 131073
 227
 262145
 131073
 208
 183
 123
 393217
 262145
 131073
 169
 184
 212
 131073
 225
 131073
 170
 185
 1572865
 655361
 393217
 262145
 131073
 155
 214
 109
 131073
 62
 200
 393217
 262145
 131073
 140
 228
 78
 262145
 131073
 215
 229
 131073
 186
 171
 786433
 262145
 131073
 156
 230
 262145
 131073
 110
 216
 131073
 141
 187
 524289
 262145
 131073
 231
 157
 131073
 232
 142
 262145
 131073
 203
 188
 158
 241
 131073
 31
 131073
 15
 47
 4325377
 3670017
 131073
 242
 3407873
 3276801
 1310721
 524289
 131073
 189
 131073
 94
 131073
 125
 201
 393217
 131073
 202
 131073
 172
 126
 262145
 131073
 218
 173
 204
 655361
 393217
 131073
 174
 131073
 219
 220
 131073
 205
 190
 393217
 262145
 131073
 235
 237
 238
 393217
 262145
 131073
 217
 234
 233
 131073
 222
 262145
 131073
 221
 236
 206
 63
 240
 262145
 131073
 243
 244
 131073
 79
 131073
 245
 95
 655361
 131073
 255
 262145
 131073
 246
 111
 131073
 247
 127
 786433
 393217
 131073
 143
 131073
 248
 249
 262145
 131073
 159
 250
 175
 524289
 262145
 131073
 251
 191
 131073
 252
 207
 262145
 131073
 253
 223
 131073
 254
 239

511 10 (table 22)
 131073
 0
 393217
 131073
 16
 131073
 1
 17
 2752513
 524289
 262145
 131073
 32
 2
 131073
 33
 18
 655361
 393217
 131073
 34
 131073
 48
 3
 131073
 49
 19
 655361
 262145
 131073
 50
 35
 262145
 131073
 64
 4
 65
 393217
 131073
 20
 131073
 51
 66
 262145
 131073
 36
 80
 131073
 67
 52
 9043969
 2621441
 1048577
 393217
 262145
 131073
 5
 21
 81
 262145
 131073
 82
 37
 262145
 131073
 68
 53
 83
 655361
 393217
 262145
 131073
 96
 6
 97
 131073
 22
 98
 524289
 262145
 131073
 38
 84
 131073
 69
 99
 262145
 131073
 54
 112
 113
 2621441
 1179649
 524289
 131073
 23
 131073
 7
 131073
 85
 100
 262145
 131073
 114
 39
 262145
 131073
 70
 101
 115
 655361
 393217
 131073
 55
 131073
 86
 8
 131073
 128
 129
 393217
 131073
 24
 131073
 116
 71
 131073
 130
 131073
 40
 102
 1572865
 917505
 524289
 262145
 131073
 131
 56
 131073
 117
 132
 262145
 131073
 72
 144
 145
 393217
 131073
 25
 131073
 9
 118
 131073
 146
 41
 917505
 524289
 262145
 131073
 133
 88
 131073
 147
 57
 262145
 131073
 160
 10
 26
 524289
 131073
 162
 131073
 103
 131073
 87
 73
 393217
 131073
 148
 131073
 119
 134
 131073
 161
 131073
 104
 149
 14417921
 8257537
 3276801
 1703937
 786433
 393217
 131073
 42
 131073
 89
 58
 131073
 163
 131073
 135
 120
 524289
 262145
 131073
 164
 74
 131073
 150
 105
 262145
 131073
 176
 11
 177
 655361
 262145
 131073
 27
 178
 131073
 43
 131073
 165
 90
 393217
 131073
 179
 131073
 166
 106
 262145
 131073
 180
 75
 131073
 12
 193
 1966081
 917505
 393217
 262145
 131073
 181
 194
 44
 262145
 131073
 167
 195
 131073
 107
 196
 524289
 131073
 29
 262145
 131073
 136
 151
 59
 262145
 131073
 209
 210
 131073
 45
 211
 1179649
 393217
 262145
 131073
 30
 46
 226
 393217
 262145
 131073
 121
 152
 192
 131073
 28
 131073
 137
 91
 917505
 393217
 131073
 60
 131073
 122
 182
 262145
 131073
 76
 153
 131073
 168
 138
 393217
 131073
 13
 131073
 197
 92
 262145
 131073
 61
 198
 131073
 108
 154
 5767169
 5636097
 2359297
 1048577
 524289
 262145
 131073
 139
 77
 131073
 199
 124
 262145
 131073
 213
 93
 131073
 224
 14
 524289
 131073
 227
 262145
 131073
 208
 183
 123
 393217
 262145
 131073
 169
 184
 212
 131073
 225
 131073
 170
 185
 1572865
 655361
 393217
 262145
 131073
 155
 214
 109
 131073
 62
 200
 393217
 262145
 131073
 140
 228
 78
 262145
 131073
 215
 229
 131073
 186
 171
 786433
 262145
 131073
 156
 230
 262145
 131073
 110
 216
 131073
 141
 187
 524289
 262145
 131073
 231
 157
 131073
 232
 142
 262145
 131073
 203
 188
 158
 241
 131073
 31
 131073
 15
 47
 4325377
 3670017
 131073
 242
 3407873
 3276801
 1310721
 524289
 131073
 189
 131073
 94
 131073
 125
 201
 393217
 131073
 202
 131073
 172
 126
 262145
 131073
 218
 173
 204
 655361
 393217
 131073
 174
 131073
 219
 220
 131073
 205
 190
 393217
 262145
 131073
 235
 237
 238
 393217
 262145
 131073
 217
 234
 233
 131073
 222
 262145
 131073
 221
 236
 206
 63
 240
 262145
 131073
 243
 244
 131073
 79
 131073
 245
 95
 655361
 131073
 255
 262145
 131073
 246
 111
 131073
 247
 127
 786433
 393217
 131073
 143
 131073
 248
 249
 262145
 131073
 159
 250
 175
 524289
 262145
 131073
 251
 191
 131073
 252
 207
 262145
 131073
 253
 223
 131073
 254
 239

511 13 (table 23)
 131073
 0
 393217
 131073
 16
 131073
 1
 17
 2752513
 524289
 262145
 131073
 32
 2
 131073
 33
 18
 655361
 393217
 131073
 34
 131073
 48
 3
 131073
 49
 19
 655361
 262145
 131073
 50
 35
 262145
 131073
 64
 4
 65
 393217
 131073
 20
 131073
 51
 66
 262145
 131073
 36
 80
 131073
 67
 52
 9043969
 2621441
 1048577
 393217
 262145
 131073
 5
 21
 81
 262145
 131073
 82
 37
 262145
 131073
 68
 53
 83
 655361
 393217
 262145
 131073
 96
 6
 97
 131073
 22
 98
 524289
 262145
 131073
 38
 84
 131073
 69
 99
 262145
 131073
 54
 112
 113
 2621441
 1179649
 524289
 131073
 23
 131073
 7
 131073
 85
 100
 262145
 131073
 114
 39
 262145
 131073
 70
 101
 115
 655361
 393217
 131073
 55
 131073
 86
 8
 131073
 128
 129
 393217
 131073
 24
 131073
 116
 71
 131073
 130
 131073
 40
 102
 1572865
 917505
 524289
 262145
 131073
 131
 56
 131073
 117
 132
 262145
 131073
 72
 144
 145
 393217
 131073
 25
 131073
 9
 118
 131073
 146
 41
 917505
 524289
 262145
 131073
 133
 88
 131073
 147
 57
 262145
 131073
 160
 10
 26
 524289
 131073
 162
 131073
 103
 131073
 87
 73
 393217
 131073
 148
 131073
 119
 134
 131073
 161
 131073
 104
 149
 14417921
 8257537
 3276801
 1703937
 786433
 393217
 131073
 42
 131073
 89
 58
 131073
 163
 131073
 135
 120
 524289
 262145
 131073
 164
 74
 131073
 150
 105
 262145
 131073
 176
 11
 177
 655361
 262145
 131073
 27
 178
 131073
 43
 131073
 165
 90
 393217
 131073
 179
 131073
 166
 106
 262145
 131073
 180
 75
 131073
 12
 193
 1966081
 917505
 393217
 262145
 131073
 181
 194
 44
 262145
 131073
 167
 195
 131073
 107
 196
 524289
 131073
 29
 262145
 131073
 136
 151
 59
 262145
 131073
 209
 210
 131073
 45
 211
 1179649
 393217
 262145
 131073
 30
 46
 226
 393217
 262145
 131073
 121
 152
 192
 131073
 28
 131073
 137
 91
 917505
 393217
 131073
 60
 131073
 122
 182
 262145
 131073
 76
 153
 131073
 168
 138
 393217
 131073
 13
 131073
 197
 92
 262145
 131073
 61
 198
 131073
 108
 154
 5767169
 5636097
 2359297
 1048577
 524289
 262145
 131073
 139
 77
 131073
 199
 124
 262145
 131073
 213
 93
 131073
 224
 14
 524289
 131073
 227
 262145
 131073
 208
 183
 123
 393217
 262145
 131073
 169
 184
 212
 131073
 225
 131073
 170
 185
 1572865
 655361
 393217
 262145
 131073
 155
 214
 109
 131073
 62
 200
 393217
 262145
 131073
 140
 228
 78
 262145
 131073
 215
 229
 131073
 186
 171
 786433
 262145
 131073
 156
 230
 262145
 131073
 110
 216
 131073
 141
 187
 524289
 262145
 131073
 231
 157
 131073
 232
 142
 262145
 131073
 203
 188
 158
 241
 131073
 31
 131073
 15
 47
 4325377
 3670017
 131073
 242
 3407873
 3276801
 1310721
 524289
 131073
 189
 131073
 94
 131073
 125
 201
 393217
 131073
 202
 131073
 172
 126
 262145
 131073
 218
 173
 204
 655361
 393217
 131073
 174
 131073
 219
 220
 131073
 205
 190
 393217
 262145
 131073
 235
 237
 238
 393217
 262145
 131073
 217
 234
 233
 131073
 222
 262145
 131073
 221
 236
 206
 63
 240
 262145
 131073
 243
 244
 131073
 79
 131073
 245
 95
 655361
 131073
 255
 262145
 131073
 246
 111
 131073
 247
 127
 786433
 393217
 131073
 143
 131073
 248
 249
 262145
 131073
 159
 250
 175
 524289
 262145
 131073
 251
 191
 131073
 252
 207
 262145
 131073
 253
 223
 131073
 254
 239

512 4 (table 24)
 3932161
 524289
 262145
 131073
 0
 16
 131073
 1
 17
 917505
 393217
 262145
 131073
 32
 2
 33
 131073
 18
 131073
 34
 131073
 48
 3
 917505
 262145
 131073
 49
 19
 262145
 131073
 50
 35
 262145
 131073
 64
 4
 65
 524289
 262145
 131073
 20
 51
 131073
 66
 36
 393217
 262145
 131073
 67
 52
 81
 393217
 262145
 131073
 80
 5
 21
 131073
 82
 37
 16384001
 6422529
 2228225
 1179649
 655361
 262145
 131073
 68
 83
 131073
 53
 131073
 96
 6
 262145
 131073
 97
 22
 131073
 98
 38
 524289
 262145
 131073
 84
 69
 131073
 99
 54
 262145
 131073
 113
 85
 131073
 100
 70
 2097153
 917505
 393217
 131073
 114
 131073
 39
 55
 131073
 115
 262145
 131073
 112
 7
 23
 655361
 262145
 131073
 101
 86
 262145
 131073
 128
 8
 129
 262145
 131073
 116
 71
 131073
 24
 130
 1048577
 524289
 262145
 131073
 40
 102
 131073
 131
 56
 262145
 131073
 117
 87
 131073
 132
 72
 524289
 262145
 131073
 145
 25
 131073
 146
 118
 262145
 131073
 103
 41
 131073
 133
 88
 6029313
 2228225
 1048577
 524289
 262145
 131073
 147
 57
 131073
 148
 73
 262145
 131073
 119
 134
 131073
 104
 161
 524289
 262145
 131073
 162
 42
 131073
 149
 89
 262145
 131073
 163
 58
 131073
 135
 131073
 120
 74
 1441793
 786433
 262145
 131073
 164
 150
 262145
 131073
 105
 177
 131073
 27
 165
 393217
 131073
 178
 131073
 90
 43
 131073
 136
 179
 1048577
 655361
 393217
 131073
 144
 131073
 9
 160
 131073
 151
 121
 262145
 131073
 166
 106
 180
 786433
 393217
 131073
 26
 131073
 10
 176
 131073
 59
 131073
 11
 192
 262145
 131073
 75
 193
 131073
 152
 137
 4390913
 2228225
 1048577
 524289
 262145
 131073
 28
 181
 131073
 91
 194
 262145
 131073
 44
 167
 131073
 122
 195
 655361
 393217
 131073
 60
 131073
 12
 208
 131073
 182
 107
 262145
 131073
 196
 76
 131073
 153
 168
 1048577
 524289
 262145
 131073
 138
 197
 131073
 92
 209
 262145
 131073
 183
 123
 131073
 29
 210
 589825
 262145
 131073
 45
 211
 131073
 61
 198
 5570810
 262145
 131073
 108
 169
 131073
 154
 212
 2097153
 1048577
 524289
 262145
 131073
 184
 139
 131073
 77
 199
 262145
 131073
 124
 213
 131073
 93
 225
 524289
 262145
 131073
 30
 226
 131073
 170
 185
 262145
 131073
 155
 227
 131073
 214
 109
 1310721
 655361
 393217
 131073
 62
 131073
 46
 78
 131073
 200
 140
 262145
 131073
 228
 215
 262145
 131073
 125
 171
 229
 655361
 262145
 131073
 186
 94
 131073
 201
 131073
 156
 110
 524289
 131073
 230
 131073
 13
 131073
 224
 14
 262145
 131073
 216
 141
 131073
 187
 202
 4849665
 131073
 255
 4194305
 3801089
 2097153
 1048577
 524289
 262145
 131073
 172
 231
 131073
 126
 217
 262145
 131073
 157
 232
 131073
 142
 203
 524289
 262145
 131073
 188
 218
 131073
 173
 233
 262145
 131073
 158
 204
 131073
 219
 189
 1048577
 524289
 262145
 131073
 234
 174
 131073
 220
 205
 262145
 131073
 235
 190
 131073
 221
 236
 524289
 262145
 131073
 206
 237
 131073
 222
 238
 15
 262145
 131073
 240
 31
 241
 262145
 131073
 242
 47
 131073
 243
 63
 1179649
 524289
 262145
 131073
 244
 79
 131073
 245
 95
 262145
 131073
 246
 111
 131073
 247
 131073
 127
 143
 655361
 262145
 131073
 248
 249
 262145
 131073
 159
 175
 250
 524289
 262145
 131073
 251
 191
 131073
 252
 207
 262145
 131073
 253
 223
 131073
 254
 239

512 5 (table 25)
 3932161
 524289
 262145
 131073
 0
 16
 131073
 1
 17
 917505
 393217
 262145
 131073
 32
 2
 33
 131073
 18
 131073
 34
 131073
 48
 3
 917505
 262145
 131073
 49
 19
 262145
 131073
 50
 35
 262145
 131073
 64
 4
 65
 524289
 262145
 131073
 20
 51
 131073
 66
 36
 393217
 262145
 131073
 67
 52
 81
 393217
 262145
 131073
 80
 5
 21
 131073
 82
 37
 16384001
 6422529
 2228225
 1179649
 655361
 262145
 131073
 68
 83
 131073
 53
 131073
 96
 6
 262145
 131073
 97
 22
 131073
 98
 38
 524289
 262145
 131073
 84
 69
 131073
 99
 54
 262145
 131073
 113
 85
 131073
 100
 70
 2097153
 917505
 393217
 131073
 114
 131073
 39
 55
 131073
 115
 262145
 131073
 112
 7
 23
 655361
 262145
 131073
 101
 86
 262145
 131073
 128
 8
 129
 262145
 131073
 116
 71
 131073
 24
 130
 1048577
 524289
 262145
 131073
 40
 102
 131073
 131
 56
 262145
 131073
 117
 87
 131073
 132
 72
 524289
 262145
 131073
 145
 25
 131073
 146
 118
 262145
 131073
 103
 41
 131073
 133
 88
 6029313
 2228225
 1048577
 524289
 262145
 131073
 147
 57
 131073
 148
 73
 262145
 131073
 119
 134
 131073
 104
 161
 524289
 262145
 131073
 162
 42
 131073
 149
 89
 262145
 131073
 163
 58
 131073
 135
 131073
 120
 74
 1441793
 786433
 262145
 131073
 164
 150
 262145
 131073
 105
 177
 131073
 27
 165
 393217
 131073
 178
 131073
 90
 43
 131073
 136
 179
 1048577
 655361
 393217
 131073
 144
 131073
 9
 160
 131073
 151
 121
 262145
 131073
 166
 106
 180
 786433
 393217
 131073
 26
 131073
 10
 176
 131073
 59
 131073
 11
 192
 262145
 131073
 75
 193
 131073
 152
 137
 4390913
 2228225
 1048577
 524289
 262145
 131073
 28
 181
 131073
 91
 194
 262145
 131073
 44
 167
 131073
 122
 195
 655361
 393217
 131073
 60
 131073
 12
 208
 131073
 182
 107
 262145
 131073
 196
 76
 131073
 153
 168
 1048577
 524289
 262145
 131073
 138
 197
 131073
 92
 209
 262145
 131073
 183
 123
 131073
 29
 210
 589825
 262145
 131073
 45
 211
 131073
 61
 198
 5570810
 262145
 131073
 108
 169
 131073
 154
 212
 2097153
 1048577
 524289
 262145
 131073
 184
 139
 131073
 77
 199
 262145
 131073
 124
 213
 131073
 93
 225
 524289
 262145
 131073
 30
 226
 131073
 170
 185
 262145
 131073
 155
 227
 131073
 214
 109
 1310721
 655361
 393217
 131073
 62
 131073
 46
 78
 131073
 200
 140
 262145
 131073
 228
 215
 262145
 131073
 125
 171
 229
 655361
 262145
 131073
 186
 94
 131073
 201
 131073
 156
 110
 524289
 131073
 230
 131073
 13
 131073
 224
 14
 262145
 131073
 216
 141
 131073
 187
 202
 4849665
 131073
 255
 4194305
 3801089
 2097153
 1048577
 524289
 262145
 131073
 172
 231
 131073
 126
 217
 262145
 131073
 157
 232
 131073
 142
 203
 524289
 262145
 131073
 188
 218
 131073
 173
 233
 262145
 131073
 158
 204
 131073
 219
 189
 1048577
 524289
 262145
 131073
 234
 174
 131073
 220
 205
 262145
 131073
 235
 190
 131073
 221
 236
 524289
 262145
 131073
 206
 237
 131073
 222
 238
 15
 262145
 131073
 240
 31
 241
 262145
 131073
 242
 47
 131073
 243
 63
 1179649
 524289
 262145
 131073
 244
 79
 131073
 245
 95
 262145
 131073
 246
 111
 131073
 247
 131073
 127
 143
 655361
 262145
 131073
 248
 249
 262145
 131073
 159
 175
 250
 524289
 262145
 131073
 251
 191
 131073
 252
 207
 262145
 131073
 253
 223
 131073
 254
 239

512 6 (table 26)
 3932161
 524289
 262145
 131073
 0
 16
 131073
 1
 17
 917505
 393217
 262145
 131073
 32
 2
 33
 131073
 18
 131073
 34
 131073
 48
 3
 917505
 262145
 131073
 49
 19
 262145
 131073
 50
 35
 262145
 131073
 64
 4
 65
 524289
 262145
 131073
 20
 51
 131073
 66
 36
 393217
 262145
 131073
 67
 52
 81
 393217
 262145
 131073
 80
 5
 21
 131073
 82
 37
 16384001
 6422529
 2228225
 1179649
 655361
 262145
 131073
 68
 83
 131073
 53
 131073
 96
 6
 262145
 131073
 97
 22
 131073
 98
 38
 524289
 262145
 131073
 84
 69
 131073
 99
 54
 262145
 131073
 113
 85
 131073
 100
 70
 2097153
 917505
 393217
 131073
 114
 131073
 39
 55
 131073
 115
 262145
 131073
 112
 7
 23
 655361
 262145
 131073
 101
 86
 262145
 131073
 128
 8
 129
 262145
 131073
 116
 71
 131073
 24
 130
 1048577
 524289
 262145
 131073
 40
 102
 131073
 131
 56
 262145
 131073
 117
 87
 131073
 132
 72
 524289
 262145
 131073
 145
 25
 131073
 146
 118
 262145
 131073
 103
 41
 131073
 133
 88
 6029313
 2228225
 1048577
 524289
 262145
 131073
 147
 57
 131073
 148
 73
 262145
 131073
 119
 134
 131073
 104
 161
 524289
 262145
 131073
 162
 42
 131073
 149
 89
 262145
 131073
 163
 58
 131073
 135
 131073
 120
 74
 1441793
 786433
 262145
 131073
 164
 150
 262145
 131073
 105
 177
 131073
 27
 165
 393217
 131073
 178
 131073
 90
 43
 131073
 136
 179
 1048577
 655361
 393217
 131073
 144
 131073
 9
 160
 131073
 151
 121
 262145
 131073
 166
 106
 180
 786433
 393217
 131073
 26
 131073
 10
 176
 131073
 59
 131073
 11
 192
 262145
 131073
 75
 193
 131073
 152
 137
 4390913
 2228225
 1048577
 524289
 262145
 131073
 28
 181
 131073
 91
 194
 262145
 131073
 44
 167
 131073
 122
 195
 655361
 393217
 131073
 60
 131073
 12
 208
 131073
 182
 107
 262145
 131073
 196
 76
 131073
 153
 168
 1048577
 524289
 262145
 131073
 138
 197
 131073
 92
 209
 262145
 131073
 183
 123
 131073
 29
 210
 589825
 262145
 131073
 45
 211
 131073
 61
 198
 5570810
 262145
 131073
 108
 169
 131073
 154
 212
 2097153
 1048577
 524289
 262145
 131073
 184
 139
 131073
 77
 199
 262145
 131073
 124
 213
 131073
 93
 225
 524289
 262145
 131073
 30
 226
 131073
 170
 185
 262145
 131073
 155
 227
 131073
 214
 109
 1310721
 655361
 393217
 131073
 62
 131073
 46
 78
 131073
 200
 140
 262145
 131073
 228
 215
 262145
 131073
 125
 171
 229
 655361
 262145
 131073
 186
 94
 131073
 201
 131073
 156
 110
 524289
 131073
 230
 131073
 13
 131073
 224
 14
 262145
 131073
 216
 141
 131073
 187
 202
 4849665
 131073
 255
 4194305
 3801089
 2097153
 1048577
 524289
 262145
 131073
 172
 231
 131073
 126
 217
 262145
 131073
 157
 232
 131073
 142
 203
 524289
 262145
 131073
 188
 218
 131073
 173
 233
 262145
 131073
 158
 204
 131073
 219
 189
 1048577
 524289
 262145
 131073
 234
 174
 131073
 220
 205
 262145
 131073
 235
 190
 131073
 221
 236
 524289
 262145
 131073
 206
 237
 131073
 222
 238
 15
 262145
 131073
 240
 31
 241
 262145
 131073
 242
 47
 131073
 243
 63
 1179649
 524289
 262145
 131073
 244
 79
 131073
 245
 95
 262145
 131073
 246
 111
 131073
 247
 131073
 127
 143
 655361
 262145
 131073
 248
 249
 262145
 131073
 159
 175
 250
 524289
 262145
 131073
 251
 191
 131073
 252
 207
 262145
 131073
 253
 223
 131073
 254
 239

512 7 (table 27)
 3932161
 524289
 262145
 131073
 0
 16
 131073
 1
 17
 917505
 393217
 262145
 131073
 32
 2
 33
 131073
 18
 131073
 34
 131073
 48
 3
 917505
 262145
 131073
 49
 19
 262145
 131073
 50
 35
 262145
 131073
 64
 4
 65
 524289
 262145
 131073
 20
 51
 131073
 66
 36
 393217
 262145
 131073
 67
 52
 81
 393217
 262145
 131073
 80
 5
 21
 131073
 82
 37
 16384001
 6422529
 2228225
 1179649
 655361
 262145
 131073
 68
 83
 131073
 53
 131073
 96
 6
 262145
 131073
 97
 22
 131073
 98
 38
 524289
 262145
 131073
 84
 69
 131073
 99
 54
 262145
 131073
 113
 85
 131073
 100
 70
 2097153
 917505
 393217
 131073
 114
 131073
 39
 55
 131073
 115
 262145
 131073
 112
 7
 23
 655361
 262145
 131073
 101
 86
 262145
 131073
 128
 8
 129
 262145
 131073
 116
 71
 131073
 24
 130
 1048577
 524289
 262145
 131073
 40
 102
 131073
 131
 56
 262145
 131073
 117
 87
 131073
 132
 72
 524289
 262145
 131073
 145
 25
 131073
 146
 118
 262145
 131073
 103
 41
 131073
 133
 88
 6029313
 2228225
 1048577
 524289
 262145
 131073
 147
 57
 131073
 148
 73
 262145
 131073
 119
 134
 131073
 104
 161
 524289
 262145
 131073
 162
 42
 131073
 149
 89
 262145
 131073
 163
 58
 131073
 135
 131073
 120
 74
 1441793
 786433
 262145
 131073
 164
 150
 262145
 131073
 105
 177
 131073
 27
 165
 393217
 131073
 178
 131073
 90
 43
 131073
 136
 179
 1048577
 655361
 393217
 131073
 144
 131073
 9
 160
 131073
 151
 121
 262145
 131073
 166
 106
 180
 786433
 393217
 131073
 26
 131073
 10
 176
 131073
 59
 131073
 11
 192
 262145
 131073
 75
 193
 131073
 152
 137
 4390913
 2228225
 1048577
 524289
 262145
 131073
 28
 181
 131073
 91
 194
 262145
 131073
 44
 167
 131073
 122
 195
 655361
 393217
 131073
 60
 131073
 12
 208
 131073
 182
 107
 262145
 131073
 196
 76
 131073
 153
 168
 1048577
 524289
 262145
 131073
 138
 197
 131073
 92
 209
 262145
 131073
 183
 123
 131073
 29
 210
 589825
 262145
 131073
 45
 211
 131073
 61
 198
 5570810
 262145
 131073
 108
 169
 131073
 154
 212
 2097153
 1048577
 524289
 262145
 131073
 184
 139
 131073
 77
 199
 262145
 131073
 124
 213
 131073
 93
 225
 524289
 262145
 131073
 30
 226
 131073
 170
 185
 262145
 131073
 155
 227
 131073
 214
 109
 1310721
 655361
 393217
 131073
 62
 131073
 46
 78
 131073
 200
 140
 262145
 131073
 228
 215
 262145
 131073
 125
 171
 229
 655361
 262145
 131073
 186
 94
 131073
 201
 131073
 156
 110
 524289
 131073
 230
 131073
 13
 131073
 224
 14
 262145
 131073
 216
 141
 131073
 187
 202
 4849665
 131073
 255
 4194305
 3801089
 2097153
 1048577
 524289
 262145
 131073
 172
 231
 131073
 126
 217
 262145
 131073
 157
 232
 131073
 142
 203
 524289
 262145
 131073
 188
 218
 131073
 173
 233
 262145
 131073
 158
 204
 131073
 219
 189
 1048577
 524289
 262145
 131073
 234
 174
 131073
 220
 205
 262145
 131073
 235
 190
 131073
 221
 236
 524289
 262145
 131073
 206
 237
 131073
 222
 238
 15
 262145
 131073
 240
 31
 241
 262145
 131073
 242
 47
 131073
 243
 63
 1179649
 524289
 262145
 131073
 244
 79
 131073
 245
 95
 262145
 131073
 246
 111
 131073
 247
 131073
 127
 143
 655361
 262145
 131073
 248
 249
 262145
 131073
 159
 175
 250
 524289
 262145
 131073
 251
 191
 131073
 252
 207
 262145
 131073
 253
 223
 131073
 254
 239

512 8 (table 28)
 3932161
 524289
 262145
 131073
 0
 16
 131073
 1
 17
 917505
 393217
 262145
 131073
 32
 2
 33
 131073
 18
 131073
 34
 131073
 48
 3
 917505
 262145
 131073
 49
 19
 262145
 131073
 50
 35
 262145
 131073
 64
 4
 65
 524289
 262145
 131073
 20
 51
 131073
 66
 36
 393217
 262145
 131073
 67
 52
 81
 393217
 262145
 131073
 80
 5
 21
 131073
 82
 37
 16384001
 6422529
 2228225
 1179649
 655361
 262145
 131073
 68
 83
 131073
 53
 131073
 96
 6
 262145
 131073
 97
 22
 131073
 98
 38
 524289
 262145
 131073
 84
 69
 131073
 99
 54
 262145
 131073
 113
 85
 131073
 100
 70
 2097153
 917505
 393217
 131073
 114
 131073
 39
 55
 131073
 115
 262145
 131073
 112
 7
 23
 655361
 262145
 131073
 101
 86
 262145
 131073
 128
 8
 129
 262145
 131073
 116
 71
 131073
 24
 130
 1048577
 524289
 262145
 131073
 40
 102
 131073
 131
 56
 262145
 131073
 117
 87
 131073
 132
 72
 524289
 262145
 131073
 145
 25
 131073
 146
 118
 262145
 131073
 103
 41
 131073
 133
 88
 6029313
 2228225
 1048577
 524289
 262145
 131073
 147
 57
 131073
 148
 73
 262145
 131073
 119
 134
 131073
 104
 161
 524289
 262145
 131073
 162
 42
 131073
 149
 89
 262145
 131073
 163
 58
 131073
 135
 131073
 120
 74
 1441793
 786433
 262145
 131073
 164
 150
 262145
 131073
 105
 177
 131073
 27
 165
 393217
 131073
 178
 131073
 90
 43
 131073
 136
 179
 1048577
 655361
 393217
 131073
 144
 131073
 9
 160
 131073
 151
 121
 262145
 131073
 166
 106
 180
 786433
 393217
 131073
 26
 131073
 10
 176
 131073
 59
 131073
 11
 192
 262145
 131073
 75
 193
 131073
 152
 137
 4390913
 2228225
 1048577
 524289
 262145
 131073
 28
 181
 131073
 91
 194
 262145
 131073
 44
 167
 131073
 122
 195
 655361
 393217
 131073
 60
 131073
 12
 208
 131073
 182
 107
 262145
 131073
 196
 76
 131073
 153
 168
 1048577
 524289
 262145
 131073
 138
 197
 131073
 92
 209
 262145
 131073
 183
 123
 131073
 29
 210
 589825
 262145
 131073
 45
 211
 131073
 61
 198
 5570810
 262145
 131073
 108
 169
 131073
 154
 212
 2097153
 1048577
 524289
 262145
 131073
 184
 139
 131073
 77
 199
 262145
 131073
 124
 213
 131073
 93
 225
 524289
 262145
 131073
 30
 226
 131073
 170
 185
 262145
 131073
 155
 227
 131073
 214
 109
 1310721
 655361
 393217
 131073
 62
 131073
 46
 78
 131073
 200
 140
 262145
 131073
 228
 215
 262145
 131073
 125
 171
 229
 655361
 262145
 131073
 186
 94
 131073
 201
 131073
 156
 110
 524289
 131073
 230
 131073
 13
 131073
 224
 14
 262145
 131073
 216
 141
 131073
 187
 202
 4849665
 131073
 255
 4194305
 3801089
 2097153
 1048577
 524289
 262145
 131073
 172
 231
 131073
 126
 217
 262145
 131073
 157
 232
 131073
 142
 203
 524289
 262145
 131073
 188
 218
 131073
 173
 233
 262145
 131073
 158
 204
 131073
 219
 189
 1048577
 524289
 262145
 131073
 234
 174
 131073
 220
 205
 262145
 131073
 235
 190
 131073
 221
 236
 524289
 262145
 131073
 206
 237
 131073
 222
 238
 15
 262145
 131073
 240
 31
 241
 262145
 131073
 242
 47
 131073
 243
 63
 1179649
 524289
 262145
 131073
 244
 79
 131073
 245
 95
 262145
 131073
 246
 111
 131073
 247
 131073
 127
 143
 655361
 262145
 131073
 248
 249
 262145
 131073
 159
 175
 250
 524289
 262145
 131073
 251
 191
 131073
 252
 207
 262145
 131073
 253
 223
 131073
 254
 239

512 9 (table 29)
 3932161
 524289
 262145
 131073
 0
 16
 131073
 1
 17
 917505
 393217
 262145
 131073
 32
 2
 33
 131073
 18
 131073
 34
 131073
 48
 3
 917505
 262145
 131073
 49
 19
 262145
 131073
 50
 35
 262145
 131073
 64
 4
 65
 524289
 262145
 131073
 20
 51
 131073
 66
 36
 393217
 262145
 131073
 67
 52
 81
 393217
 262145
 131073
 80
 5
 21
 131073
 82
 37
 16384001
 6422529
 2228225
 1179649
 655361
 262145
 131073
 68
 83
 131073
 53
 131073
 96
 6
 262145
 131073
 97
 22
 131073
 98
 38
 524289
 262145
 131073
 84
 69
 131073
 99
 54
 262145
 131073
 113
 85
 131073
 100
 70
 2097153
 917505
 393217
 131073
 114
 131073
 39
 55
 131073
 115
 262145
 131073
 112
 7
 23
 655361
 262145
 131073
 101
 86
 262145
 131073
 128
 8
 129
 262145
 131073
 116
 71
 131073
 24
 130
 1048577
 524289
 262145
 131073
 40
 102
 131073
 131
 56
 262145
 131073
 117
 87
 131073
 132
 72
 524289
 262145
 131073
 145
 25
 131073
 146
 118
 262145
 131073
 103
 41
 131073
 133
 88
 6029313
 2228225
 1048577
 524289
 262145
 131073
 147
 57
 131073
 148
 73
 262145
 131073
 119
 134
 131073
 104
 161
 524289
 262145
 131073
 162
 42
 131073
 149
 89
 262145
 131073
 163
 58
 131073
 135
 131073
 120
 74
 1441793
 786433
 262145
 131073
 164
 150
 262145
 131073
 105
 177
 131073
 27
 165
 393217
 131073
 178
 131073
 90
 43
 131073
 136
 179
 1048577
 655361
 393217
 131073
 144
 131073
 9
 160
 131073
 151
 121
 262145
 131073
 166
 106
 180
 786433
 393217
 131073
 26
 131073
 10
 176
 131073
 59
 131073
 11
 192
 262145
 131073
 75
 193
 131073
 152
 137
 4390913
 2228225
 1048577
 524289
 262145
 131073
 28
 181
 131073
 91
 194
 262145
 131073
 44
 167
 131073
 122
 195
 655361
 393217
 131073
 60
 131073
 12
 208
 131073
 182
 107
 262145
 131073
 196
 76
 131073
 153
 168
 1048577
 524289
 262145
 131073
 138
 197
 131073
 92
 209
 262145
 131073
 183
 123
 131073
 29
 210
 589825
 262145
 131073
 45
 211
 131073
 61
 198
 5570810
 262145
 131073
 108
 169
 131073
 154
 212
 2097153
 1048577
 524289
 262145
 131073
 184
 139
 131073
 77
 199
 262145
 131073
 124
 213
 131073
 93
 225
 524289
 262145
 131073
 30
 226
 131073
 170
 185
 262145
 131073
 155
 227
 131073
 214
 109
 1310721
 655361
 393217
 131073
 62
 131073
 46
 78
 131073
 200
 140
 262145
 131073
 228
 215
 262145
 131073
 125
 171
 229
 655361
 262145
 131073
 186
 94
 131073
 201
 131073
 156
 110
 524289
 131073
 230
 131073
 13
 131073
 224
 14
 262145
 131073
 216
 141
 131073
 187
 202
 4849665
 131073
 255
 4194305
 3801089
 2097153
 1048577
 524289
 262145
 131073
 172
 231
 131073
 126
 217
 262145
 131073
 157
 232
 131073
 142
 203
 524289
 262145
 131073
 188
 218
 131073
 173
 233
 262145
 131073
 158
 204
 131073
 219
 189
 1048577
 524289
 262145
 131073
 234
 174
 131073
 220
 205
 262145
 131073
 235
 190
 131073
 221
 236
 524289
 262145
 131073
 206
 237
 131073
 222
 238
 15
 262145
 131073
 240
 31
 241
 262145
 131073
 242
 47
 131073
 243
 63
 1179649
 524289
 262145
 131073
 244
 79
 131073
 245
 95
 262145
 131073
 246
 111
 131073
 247
 131073
 127
 143
 655361
 262145
 131073
 248
 249
 262145
 131073
 159
 175
 250
 524289
 262145
 131073
 251
 191
 131073
 252
 207
 262145
 131073
 253
 223
 131073
 254
 239

512 11 (table 30)
 3932161
 524289
 262145
 131073
 0
 16
 131073
 1
 17
 917505
 393217
 262145
 131073
 32
 2
 33
 131073
 18
 131073
 34
 131073
 48
 3
 917505
 262145
 131073
 49
 19
 262145
 131073
 50
 35
 262145
 131073
 64
 4
 65
 524289
 262145
 131073
 20
 51
 131073
 66
 36
 393217
 262145
 131073
 67
 52
 81
 393217
 262145
 131073
 80
 5
 21
 131073
 82
 37
 16384001
 6422529
 2228225
 1179649
 655361
 262145
 131073
 68
 83
 131073
 53
 131073
 96
 6
 262145
 131073
 97
 22
 131073
 98
 38
 524289
 262145
 131073
 84
 69
 131073
 99
 54
 262145
 131073
 113
 85
 131073
 100
 70
 2097153
 917505
 393217
 131073
 114
 131073
 39
 55
 131073
 115
 262145
 131073
 112
 7
 23
 655361
 262145
 131073
 101
 86
 262145
 131073
 128
 8
 129
 262145
 131073
 116
 71
 131073
 24
 130
 1048577
 524289
 262145
 131073
 40
 102
 131073
 131
 56
 262145
 131073
 117
 87
 131073
 132
 72
 524289
 262145
 131073
 145
 25
 131073
 146
 118
 262145
 131073
 103
 41
 131073
 133
 88
 6029313
 2228225
 1048577
 524289
 262145
 131073
 147
 57
 131073
 148
 73
 262145
 131073
 119
 134
 131073
 104
 161
 524289
 262145
 131073
 162
 42
 131073
 149
 89
 262145
 131073
 163
 58
 131073
 135
 131073
 120
 74
 1441793
 786433
 262145
 131073
 164
 150
 262145
 131073
 105
 177
 131073
 27
 165
 393217
 131073
 178
 131073
 90
 43
 131073
 136
 179
 1048577
 655361
 393217
 131073
 144
 131073
 9
 160
 131073
 151
 121
 262145
 131073
 166
 106
 180
 786433
 393217
 131073
 26
 131073
 10
 176
 131073
 59
 131073
 11
 192
 262145
 131073
 75
 193
 131073
 152
 137
 4390913
 2228225
 1048577
 524289
 262145
 131073
 28
 181
 131073
 91
 194
 262145
 131073
 44
 167
 131073
 122
 195
 655361
 393217
 131073
 60
 131073
 12
 208
 131073
 182
 107
 262145
 131073
 196
 76
 131073
 153
 168
 1048577
 524289
 262145
 131073
 138
 197
 131073
 92
 209
 262145
 131073
 183
 123
 131073
 29
 210
 589825
 262145
 131073
 45
 211
 131073
 61
 198
 5570810
 262145
 131073
 108
 169
 131073
 154
 212
 2097153
 1048577
 524289
 262145
 131073
 184
 139
 131073
 77
 199
 262145
 131073
 124
 213
 131073
 93
 225
 524289
 262145
 131073
 30
 226
 131073
 170
 185
 262145
 131073
 155
 227
 131073
 214
 109
 1310721
 655361
 393217
 131073
 62
 131073
 46
 78
 131073
 200
 140
 262145
 131073
 228
 215
 262145
 131073
 125
 171
 229
 655361
 262145
 131073
 186
 94
 131073
 201
 131073
 156
 110
 524289
 131073
 230
 131073
 13
 131073
 224
 14
 262145
 131073
 216
 141
 131073
 187
 202
 4849665
 131073
 255
 4194305
 3801089
 2097153
 1048577
 524289
 262145
 131073
 172
 231
 131073
 126
 217
 262145
 131073
 157
 232
 131073
 142
 203
 524289
 262145
 131073
 188
 218
 131073
 173
 233
 262145
 131073
 158
 204
 131073
 219
 189
 1048577
 524289
 262145
 131073
 234
 174
 131073
 220
 205
 262145
 131073
 235
 190
 131073
 221
 236
 524289
 262145
 131073
 206
 237
 131073
 222
 238
 15
 262145
 131073
 240
 31
 241
 262145
 131073
 242
 47
 131073
 243
 63
 1179649
 524289
 262145
 131073
 244
 79
 131073
 245
 95
 262145
 131073
 246
 111
 131073
 247
 131073
 127
 143
 655361
 262145
 131073
 248
 249
 262145
 131073
 159
 175
 250
 524289
 262145
 131073
 251
 191
 131073
 252
 207
 262145
 131073
 253
 223
 131073
 254
 239

512 13 (table 31)
 3932161
 524289
 262145
 131073
 0
 16
 131073
 1
 17
 917505
 393217
 262145
 131073
 32
 2
 33
 131073
 18
 131073
 34
 131073
 48
 3
 917505
 262145
 131073
 49
 19
 262145
 131073
 50
 35
 262145
 131073
 64
 4
 65
 524289
 262145
 131073
 20
 51
 131073
 66
 36
 393217
 262145
 131073
 67
 52
 81
 393217
 262145
 131073
 80
 5
 21
 131073
 82
 37
 16384001
 6422529
 2228225
 1179649
 655361
 262145
 131073
 68
 83
 131073
 53
 131073
 96
 6
 262145
 131073
 97
 22
 131073
 98
 38
 524289
 262145
 131073
 84
 69
 131073
 99
 54
 262145
 131073
 113
 85
 131073
 100
 70
 2097153
 917505
 393217
 131073
 114
 131073
 39
 55
 131073
 115
 262145
 131073
 112
 7
 23
 655361
 262145
 131073
 101
 86
 262145
 131073
 128
 8
 129
 262145
 131073
 116
 71
 131073
 24
 130
 1048577
 524289
 262145
 131073
 40
 102
 131073
 131
 56
 262145
 131073
 117
 87
 131073
 132
 72
 524289
 262145
 131073
 145
 25
 131073
 146
 118
 262145
 131073
 103
 41
 131073
 133
 88
 6029313
 2228225
 1048577
 524289
 262145
 131073
 147
 57
 131073
 148
 73
 262145
 131073
 119
 134
 131073
 104
 161
 524289
 262145
 131073
 162
 42
 131073
 149
 89
 262145
 131073
 163
 58
 131073
 135
 131073
 120
 74
 1441793
 786433
 262145
 131073
 164
 150
 262145
 131073
 105
 177
 131073
 27
 165
 393217
 131073
 178
 131073
 90
 43
 131073
 136
 179
 1048577
 655361
 393217
 131073
 144
 131073
 9
 160
 131073
 151
 121
 262145
 131073
 166
 106
 180
 786433
 393217
 131073
 26
 131073
 10
 176
 131073
 59
 131073
 11
 192
 262145
 131073
 75
 193
 131073
 152
 137
 4390913
 2228225
 1048577
 524289
 262145
 131073
 28
 181
 131073
 91
 194
 262145
 131073
 44
 167
 131073
 122
 195
 655361
 393217
 131073
 60
 131073
 12
 208
 131073
 182
 107
 262145
 131073
 196
 76
 131073
 153
 168
 1048577
 524289
 262145
 131073
 138
 197
 131073
 92
 209
 262145
 131073
 183
 123
 131073
 29
 210
 589825
 262145
 131073
 45
 211
 131073
 61
 198
 5570810
 262145
 131073
 108
 169
 131073
 154
 212
 2097153
 1048577
 524289
 262145
 131073
 184
 139
 131073
 77
 199
 262145
 131073
 124
 213
 131073
 93
 225
 524289
 262145
 131073
 30
 226
 131073
 170
 185
 262145
 131073
 155
 227
 131073
 214
 109
 1310721
 655361
 393217
 131073
 62
 131073
 46
 78
 131073
 200
 140
 262145
 131073
 228
 215
 262145
 131073
 125
 171
 229
 655361
 262145
 131073
 186
 94
 131073
 201
 131073
 156
 110
 524289
 131073
 230
 131073
 13
 131073
 224
 14
 262145
 131073
 216
 141
 131073
 187
 202
 4849665
 131073
 255
 4194305
 3801089
 2097153
 1048577
 524289
 262145
 131073
 172
 231
 131073
 126
 217
 262145
 131073
 157
 232
 131073
 142
 203
 524289
 262145
 131073
 188
 218
 131073
 173
 233
 262145
 131073
 158
 204
 131073
 219
 189
 1048577
 524289
 262145
 131073
 234
 174
 131073
 220
 205
 262145
 131073
 235
 190
 131073
 221
 236
 524289
 262145
 131073
 206
 237
 131073
 222
 238
 15
 262145
 131073
 240
 31
 241
 262145
 131073
 242
 47
 131073
 243
 63
 1179649
 524289
 262145
 131073
 244
 79
 131073
 245
 95
 262145
 131073
 246
 111
 131073
 247
 131073
 127
 143
 655361
 262145
 131073
 248
 249
 262145
 131073
 159
 175
 250
 524289
 262145
 131073
 251
 191
 131073
 252
 207
 262145
 131073
 253
 223
 131073
 254
 239

31 0 (table 32)
 131073
 0
 524289
 262145
 131073
 8
 4
 131073
 1
 2
 524289
 262145
 131073
 12
 10
 131073
 3
 6
 393217
 131073
 9
 131073
 5
 7
 262145
 131073
 14
 13
 131073
 15
 11

31 0 (table 33)
 1048577
 524289
 262145
 131073
 0
 1
 131073
 2
 3
 262145
 131073
 4
 5
 131073
 6
 7
 524289
 262145
 131073
 8
 9
 131073
 10
 11
 262145
 131073
 12
 13
 131073
 14
 15